1 0.1 4.84085
1 0.2 4.98389
1 0.3 4.97925
1 0.4 4.98096
1 0.5 4.98179
1 0.6 4.98389
1 0.7 4.98154
1 0.8 4.98389
1 0.9 4.98389
1 1 4.98154
1 1.1 4.98389
1 1.2 4.98389
1 1.3 4.98154
1 1.4 4.98389
1 1.5 4.98389
1 1.6 4.98154
1 1.7 4.98389
1 1.8 4.98154
1 1.9 4.98389
1 2 4.98389
1 2.1 4.98154
1 2.2 4.98389
1 2.3 4.98389
1 2.4 4.98154
1 2.5 4.98389
1 2.6 4.98389
1 2.7 4.98154
1 2.8 4.98389
1 2.9 4.98389
1 3 4.98154
1 3.1 4.98389
1 3.2 4.98389
1 3.3 4.98154
1 3.4 4.98389
1 3.5 4.98154
1 3.6 4.98389
1 3.7 4.98389
1 3.8 4.98154
1 3.9 4.98389
1 4 4.98389
1 4.1 4.98154
1 4.2 4.98389
1 4.3 4.98389
1 4.4 4.98154
1 4.5 4.98389
1 4.6 4.98389
1 4.7 4.98154
1 4.8 4.98389
1 4.9 4.98154
1 5 4.98389
1 5.1 4.98389
1 5.2 4.98154
1 5.3 4.98389
1 5.4 4.98389
1 5.5 4.98154
1 5.6 4.98389
1 5.7 4.98389
1 5.8 4.98154
1 5.9 4.98389
1 6 4.98389
1 6.1 4.98154
1 6.2 4.98389
1 6.3 4.98154
1 6.4 4.98389
1 6.5 4.98389
1 6.6 4.98154
1 6.7 4.98389
1 6.8 4.98389
1 6.9 4.98154
1 7 4.98389
1 7.1 4.98389
1 7.2 4.98154
1 7.3 4.98389
1 7.4 4.98389
1 7.5 4.98154
1 7.6 4.98389
1 7.7 4.98154
1 7.8 4.98389
1 7.9 4.98389
1 8 4.98154
1 8.1 4.98389
1 8.2 4.98389
1 8.3 4.98154
1 8.4 4.98389
1 8.5 4.98389
1 8.6 4.98154
1 8.7 4.98389
1 8.8 4.98389
1 8.9 4.98261
1 9 4.98154
1 9.1 4.98389
1 9.2 4.98389
1 9.3 4.98154
1 9.4 4.98389
1 9.5 4.98389
1 9.6 4.98154
1 9.7 4.98389
1 9.8 4.98389
1 9.9 4.98154
1 10 4.98389
1 10.1 4.98154
1 10.2 4.98389
1 10.3 4.98389
1 10.4 4.98154
1 10.5 4.98389
1 10.6 4.98389
1 10.7 4.98154
1 10.8 4.98389
1 10.9 4.98389
1 11 4.98154
1 11.1 4.98389
1 11.2 4.98389
1 11.3 4.98154
1 11.4 4.98389
1 11.5 4.98389
1 11.6 4.98154
1 11.7 4.98389
1 11.8 4.98154
1 11.9 4.98389
1 12 4.98389
1 12.1 4.98154
1 12.2 4.98389
1 12.3 4.98389
1 12.4 4.98154
1 12.5 4.98389
1 12.6 4.98389
1 12.7 4.98154
1 12.8 4.98389
1 12.9 4.98253
1 13 4.98389
1 13.1 4.98154
1 13.2 4.98389
1 13.3 4.98389
1 13.4 4.98154
1 13.5 4.98389
1 13.6 4.98389
1 13.7 4.98154
1 13.8 4.98389
1 13.9 4.98389
1 14 4.98154
1 14.1 4.98389
1 14.2 4.98154
1 14.3 4.98389
1 14.4 4.98389
1 14.5 4.98154
1 14.6 4.98389
1 14.7 4.98389
1 14.8 4.98154
1 14.9 4.98389
1 15 4.98389
1 15.1 0.562064
1 15.2 0
1 15.3 0
1 15.4 0
1 15.5 0
1 15.6 0
1 15.7 0
1 15.8 0
1 15.9 0
1 16 0
1 16.1 0
1 16.2 0
1 16.3 0
1 16.4 0
1 16.5 0
1 16.6 0
1 16.7 0
1 16.8 0
1 16.9 0
1 17 0
1 17.1 0
1 17.2 0
1 17.3 0
1 17.4 0
1 17.5 0
1 17.6 0
1 17.7 0
1 17.8 0
1 17.9 0
1 18 0
1 18.1 0
1 18.2 0
1 18.3 0
1 18.4 0
1 18.5 0
1 18.6 0
1 18.7 0
1 18.8 0
1 18.9 0
1 19 0
1 19.1 0
1 19.2 0
1 19.3 0
1 19.4 0
1 19.5 0
1 19.6 0
1 19.7 0
1 19.8 0
1 19.9 0
1 20 0
1 20.1 0
1 20.2 0
1 20.3 0
1 20.4 0
1 20.5 0
1 20.6 0
1 20.7 0
1 20.8 0
1 20.9 0
1 21 0
1 21.1 0
1 21.2 0
1 21.3 0
1 21.4 0
1 21.5 0
1 21.6 0
1 21.7 0
1 21.8 0
1 21.9 0
1 22 0
1 22.1 0
1 22.2 0
1 22.3 0
1 22.4 0
1 22.5 0
1 22.6 0
1 22.7 0
1 22.8 0
1 22.9 0
1 23 0
1 23.1 0
1 23.2 0
1 23.3 0
1 23.4 0
1 23.5 0
1 23.6 0
1 23.7 0
1 23.8 0
1 23.9 0
1 24 0
1 24.1 0
1 24.2 0
1 24.3 0
1 24.4 0
1 24.5 0
1 24.6 0
1 24.7 0
1 24.8 0
1 24.9 0
1 25 0
1 25.1 0
1 25.2 0
1 25.3 0
1 25.4 0
1 25.5 0
1 25.6 0
1 25.7 0
1 25.8 0
1 25.9 0
1 26 0
1 26.1 0
1 26.2 0
1 26.3 0
1 26.4 0
1 26.5 0
1 26.6 0
1 26.7 0
1 26.8 0
1 26.9 0
1 27 0
1 27.1 0
1 27.2 0
1 27.3 0
1 27.4 0
1 27.5 0
1 27.6 0
1 27.7 0
1 27.8 0
1 27.9 0
1 28 0
1 28.1 0
1 28.2 0
1 28.3 0
1 28.4 0
1 28.5 0
1 28.6 0
1 28.7 0
1 28.8 0
1 28.9 0
1 29 0
1 29.1 0
1 29.2 0
1 29.3 0
1 29.4 0
1 29.5 0
1 29.6 0
1 29.7 0
1 29.8 0
1 29.9 0
1 30 0
1 30.1 0
1 30.2 0
1 30.3 0
1 30.4 0
1 30.5 0
1 30.6 0
1 30.7 0
1 30.8 0
1 30.9 0
1 31 0
1 31.1 0
1 31.2 0
1 31.3 0
1 31.4 0
1 31.5 0
1 31.6 0
1 31.7 0
1 31.8 0
1 31.9 0
1 32 0
1 32.1 0
1 32.2 0
1 32.3 0
1 32.4 0
1 32.5 0
1 32.6 0
1 32.7 0
1 32.8 0
1 32.9 0
1 33 0
1 33.1 0
1 33.2 0
1 33.3 0
1 33.4 0
1 33.5 0
1 33.6 0
1 33.7 0
1 33.8 0
1 33.9 0
1 34 0
1 34.1 0
1 34.2 0
1 34.3 0
1 34.4 0
1 34.5 0
1 34.6 0
1 34.7 0
1 34.8 0
1 34.9 0
1 35 0
1 35.1 0
1 35.2 0
1 35.3 0
1 35.4 0
1 35.5 0
1 35.6 0
1 35.7 0
1 35.8 0
1 35.9 0
1 36 0
1 36.1 0
1 36.2 0
1 36.3 0
1 36.4 0
1 36.5 0
1 36.6 0
1 36.7 0
1 36.8 0
1 36.9 0
1 37 0
1 37.1 0
1 37.2 0
1 37.3 0
1 37.4 0
1 37.5 0
1 37.6 0
1 37.7 0
1 37.8 0
1 37.9 0
1 38 0
1 38.1 0
1 38.2 0
1 38.3 0
1 38.4 0
1 38.5 0
1 38.6 0
1 38.7 0
1 38.8 0
1 38.9 0
1 39 0
1 39.1 0
1 39.2 0
1 39.3 0
1 39.4 0
1 39.5 0
1 39.6 0
1 39.7 0
1 39.8 0
1 39.9 0
1 40 0
1 40.1 0
1 40.2 0
1 40.3 0
1 40.4 0
1 40.5 0
1 40.6 0
1 40.7 0
1 40.8 0
1 40.9 0
1 41 0
1 41.1 0
1 41.2 0
1 41.3 0
1 41.4 0
1 41.5 0
1 41.6 0
1 41.7 0
1 41.8 0
1 41.9 0
1 42 0
1 42.1 0
1 42.2 0
1 42.3 0
1 42.4 0
1 42.5 0
1 42.6 0
1 42.7 0
1 42.8 0
1 42.9 0
1 43 0
1 43.1 0
1 43.2 0
1 43.3 0
1 43.4 0
1 43.5 0
1 43.6 0
1 43.7 0
1 43.8 0
1 43.9 0
1 44 0
1 44.1 0
1 44.2 0
1 44.3 0
1 44.4 0
1 44.5 0
1 44.6 0
1 44.7 0
1 44.8 0
1 44.9 0
1 45 0
1 45.1 0
1 45.2 0
1 45.3 0
1 45.4 0
1 45.5 0
1 45.6 0
1 45.7 0
1 45.8 0
1 45.9 0
1 46 0
1 46.1 0
1 46.2 0
1 46.3 0
1 46.4 0
1 46.5 0
1 46.6 0
1 46.7 0
1 46.8 0
1 46.9 0
1 47 0
1 47.1 0
1 47.2 0
1 47.3 0
1 47.4 0
1 47.5 0
1 47.6 0
1 47.7 0
1 47.8 0
1 47.9 0
1 48 0
1 48.1 0
1 48.2 0
1 48.3 0
1 48.4 0
1 48.5 0
1 48.6 0
1 48.7 0
1 48.8 0
1 48.9 0
1 49 0
1 49.1 0
1 49.2 0
1 49.3 0
1 49.4 0
1 49.5 0
1 49.6 0
1 49.7 0
1 49.8 0
1 49.9 0
1 50 0
1 50.1 0
1 50.2 0
1 50.3 0
1 50.4 0
1 50.5 0
1 50.6 0
1 50.7 0
1 50.8 0
1 50.9 0
1 51 0
1 51.1 0
1 51.2 0
1 51.3 0
1 51.4 0
1 51.5 0
1 51.6 0
1 51.7 0
1 51.8 0
1 51.9 0
1 52 0
1 52.1 0
1 52.2 0
1 52.3 0
1 52.4 0
1 52.5 0
1 52.6 0
1 52.7 0
1 52.8 0
1 52.9 0
1 53 0
1 53.1 0
1 53.2 0
1 53.3 0
1 53.4 0
1 53.5 0
1 53.6 0
1 53.7 0
1 53.8 0
1 53.9 0
1 54 0
1 54.1 0
1 54.2 0
1 54.3 0
1 54.4 0
1 54.5 0
1 54.6 0
1 54.7 0
1 54.8 0
1 54.9 0
1 55 0
1 55.1 0
1 55.2 0
1 55.3 0
1 55.4 0
1 55.5 0
1 55.6 0
1 55.7 0
1 55.8 0
1 55.9 0
1 56 0
1 56.1 0
1 56.2 0
1 56.3 0
1 56.4 0
1 56.5 0
1 56.6 0
1 56.7 0
1 56.8 0
1 56.9 0
1 57 0
1 57.1 0
1 57.2 0
1 57.3 0
1 57.4 0
1 57.5 0
1 57.6 0
1 57.7 0
1 57.8 0
1 57.9 0
1 58 0
1 58.1 0
1 58.2 0
1 58.3 0
1 58.4 0
1 58.5 0
1 58.6 0
1 58.7 0
1 58.8 0
1 58.9 0
1 59 0
1 59.1 0
1 59.2 0
1 59.3 0
1 59.4 0
1 59.5 0
1 59.6 0
1 59.7 0
1 59.8 0
1 59.9 0
