2 0.1 4.0247
2 0.2 4.98389
2 0.3 4.97835
2 0.4 4.97814
2 0.5 4.97754
2 0.6 4.98154
2 0.7 4.98389
2 0.8 4.98389
2 0.9 4.98154
2 1 4.98389
2 1.1 4.98389
2 1.2 4.98154
2 1.3 4.98389
2 1.4 4.98389
2 1.5 4.98154
2 1.6 4.98389
2 1.7 4.98389
2 1.8 4.98154
2 1.9 4.98389
2 2 4.98154
2 2.1 4.98389
2 2.2 4.98389
2 2.3 4.98154
2 2.4 4.98389
2 2.5 4.98389
2 2.6 4.98154
2 2.7 4.98389
2 2.8 4.98389
2 2.9 4.98154
2 3 4.98389
2 3.1 4.0525
2 3.2 3.16461
2 3.3 2.48742
2 3.4 2.49077
2 3.5 2.48842
2 3.6 2.49312
2 3.7 2.49312
2 3.8 2.49077
2 3.9 2.49077
2 4 2.49312
2 4.1 2.49077
2 4.2 2.49077
2 4.3 2.49077
2 4.4 2.49077
2 4.5 2.49547
2 4.6 2.48842
2 4.7 2.49077
2 4.8 2.49312
2 4.9 2.49077
2 5 2.49312
2 5.1 2.49077
2 5.2 2.49077
2 5.3 2.49312
2 5.4 2.49077
2 5.5 2.49077
2 5.6 2.49312
2 5.7 2.49077
2 5.8 2.49077
2 5.9 2.49077
2 6 2.49077
2 6.1 2.49547
2 6.2 2.48842
2 6.3 2.49077
2 6.4 2.49312
2 6.5 2.49312
2 6.6 2.49077
2 6.7 2.49077
2 6.8 2.49312
2 6.9 2.49077
2 7 2.49077
2 7.1 1.86043
2 7.2 1.66051
2 7.3 1.66051
2 7.4 1.66051
2 7.5 1.66051
2 7.6 1.66051
2 7.7 1.66286
2 7.8 1.66286
2 7.9 1.66051
2 8 1.66051
2 8.1 1.65816
2 8.2 1.66286
2 8.3 1.66051
2 8.4 1.66286
2 8.5 1.66051
2 8.6 1.65816
2 8.7 1.66051
2 8.8 1.66286
2 8.9 1.66051
2 9 1.66286
2 9.1 1.66286
2 9.2 1.65581
2 9.3 1.66051
2 9.4 1.66286
2 9.5 1.66286
2 9.6 1.66051
2 9.7 1.66286
2 9.8 1.65816
2 9.9 1.66051
2 10 1.66051
2 10.1 1.66286
2 10.2 1.66286
2 10.3 1.66051
2 10.4 1.66051
2 10.5 1.65816
2 10.6 1.66286
2 10.7 1.66051
2 10.8 1.66286
2 10.9 1.66051
2 11 1.66051
2 11.1 1.66051
2 11.2 1.66051
2 11.3 1.66051
2 11.4 1.66286
2 11.5 1.66286
2 11.6 1.65816
2 11.7 1.65816
2 11.8 1.66286
2 11.9 1.66286
2 12 1.66051
2 12.1 2.21558
2 12.2 2.48842
2 12.3 2.49312
2 12.4 2.49077
2 12.5 2.49312
2 12.6 2.49077
2 12.7 2.49077
2 12.8 2.49312
2 12.9 2.49077
2 13 2.49077
2 13.1 2.49077
2 13.2 2.49547
2 13.3 2.48842
2 13.4 2.49077
2 13.5 2.49077
2 13.6 2.49312
2 13.7 2.49312
2 13.8 2.48842
2 13.9 2.49312
2 14 2.49312
2 14.1 2.49077
2 14.2 2.48842
2 14.3 2.49547
2 14.4 2.49077
2 14.5 2.49077
2 14.6 2.49077
2 14.7 2.49077
2 14.8 2.49547
2 14.9 2.48842
2 15 2.49077
2 15.1 0.557072
2 15.2 0
2 15.3 0
2 15.4 0
2 15.5 0
2 15.6 0
2 15.7 0
2 15.8 0
2 15.9 0
2 16 0
2 16.1 0
2 16.2 0
2 16.3 0
2 16.4 0
2 16.5 0
2 16.6 0
2 16.7 0
2 16.8 0
2 16.9 0
2 17 0
2 17.1 0
2 17.2 0
2 17.3 0
2 17.4 0
2 17.5 0
2 17.6 0
2 17.7 0
2 17.8 0
2 17.9 0
2 18 0
2 18.1 0
2 18.2 0
2 18.3 0
2 18.4 0
2 18.5 0
2 18.6 0
2 18.7 0
2 18.8 0
2 18.9 0
2 19 0
2 19.1 0
2 19.2 0
2 19.3 0
2 19.4 0
2 19.5 0
2 19.6 0
2 19.7 0
2 19.8 0
2 19.9 0
2 20 0
2 20.1 0
2 20.2 0
2 20.3 0
2 20.4 0
2 20.5 0
2 20.6 0
2 20.7 0
2 20.8 0
2 20.9 0
2 21 0
2 21.1 0
2 21.2 0
2 21.3 0
2 21.4 0
2 21.5 0
2 21.6 0
2 21.7 0
2 21.8 0
2 21.9 0
2 22 0
2 22.1 0
2 22.2 0
2 22.3 0
2 22.4 0
2 22.5 0
2 22.6 0
2 22.7 0
2 22.8 0
2 22.9 0
2 23 0
2 23.1 0
2 23.2 0
2 23.3 0
2 23.4 0
2 23.5 0
2 23.6 0
2 23.7 0
2 23.8 0
2 23.9 0
2 24 0
2 24.1 0
2 24.2 0
2 24.3 0
2 24.4 0
2 24.5 0
2 24.6 0
2 24.7 0
2 24.8 0
2 24.9 0
2 25 0
2 25.1 0
2 25.2 0
2 25.3 0
2 25.4 0
2 25.5 0
2 25.6 0
2 25.7 0
2 25.8 0
2 25.9 0
2 26 0
2 26.1 0
2 26.2 0
2 26.3 0
2 26.4 0
2 26.5 0
2 26.6 0
2 26.7 0
2 26.8 0
2 26.9 0
2 27 0
2 27.1 0
2 27.2 0
2 27.3 0
2 27.4 0
2 27.5 0
2 27.6 0
2 27.7 0
2 27.8 0
2 27.9 0
2 28 0
2 28.1 0
2 28.2 0
2 28.3 0
2 28.4 0
2 28.5 0
2 28.6 0
2 28.7 0
2 28.8 0
2 28.9 0
2 29 0
2 29.1 0
2 29.2 0
2 29.3 0
2 29.4 0
2 29.5 0
2 29.6 0
2 29.7 0
2 29.8 0
2 29.9 0
2 30 0
2 30.1 0
2 30.2 0
2 30.3 0
2 30.4 0
2 30.5 0
2 30.6 0
2 30.7 0
2 30.8 0
2 30.9 0
2 31 0
2 31.1 0
2 31.2 0
2 31.3 0
2 31.4 0
2 31.5 0
2 31.6 0
2 31.7 0
2 31.8 0
2 31.9 0
2 32 0
2 32.1 0
2 32.2 0
2 32.3 0
2 32.4 0
2 32.5 0
2 32.6 0
2 32.7 0
2 32.8 0
2 32.9 0
2 33 0
2 33.1 0
2 33.2 0
2 33.3 0
2 33.4 0
2 33.5 0
2 33.6 0
2 33.7 0
2 33.8 0
2 33.9 0
2 34 0
2 34.1 0
2 34.2 0
2 34.3 0
2 34.4 0
2 34.5 0
2 34.6 0
2 34.7 0
2 34.8 0
2 34.9 0
2 35 0
2 35.1 0
2 35.2 0
2 35.3 0
2 35.4 0
2 35.5 0
2 35.6 0
2 35.7 0
2 35.8 0
2 35.9 0
2 36 0
2 36.1 0
2 36.2 0
2 36.3 0
2 36.4 0
2 36.5 0
2 36.6 0
2 36.7 0
2 36.8 0
2 36.9 0
2 37 0
2 37.1 0
2 37.2 0
2 37.3 0
2 37.4 0
2 37.5 0
2 37.6 0
2 37.7 0
2 37.8 0
2 37.9 0
2 38 0
2 38.1 0
2 38.2 0
2 38.3 0
2 38.4 0
2 38.5 0
2 38.6 0
2 38.7 0
2 38.8 0
2 38.9 0
2 39 0
2 39.1 0
2 39.2 0
2 39.3 0
2 39.4 0
2 39.5 0
2 39.6 0
2 39.7 0
2 39.8 0
2 39.9 0
2 40 0
2 40.1 0
2 40.2 0
2 40.3 0
2 40.4 0
2 40.5 0
2 40.6 0
2 40.7 0
2 40.8 0
2 40.9 0
2 41 0
2 41.1 0
2 41.2 0
2 41.3 0
2 41.4 0
2 41.5 0
2 41.6 0
2 41.7 0
2 41.8 0
2 41.9 0
2 42 0
2 42.1 0
2 42.2 0
2 42.3 0
2 42.4 0
2 42.5 0
2 42.6 0
2 42.7 0
2 42.8 0
2 42.9 0
2 43 0
2 43.1 0
2 43.2 0
2 43.3 0
2 43.4 0
2 43.5 0
2 43.6 0
2 43.7 0
2 43.8 0
2 43.9 0
2 44 0
2 44.1 0
2 44.2 0
2 44.3 0
2 44.4 0
2 44.5 0
2 44.6 0
2 44.7 0
2 44.8 0
2 44.9 0
2 45 0
2 45.1 0
2 45.2 0
2 45.3 0
2 45.4 0
2 45.5 0
2 45.6 0
2 45.7 0
2 45.8 0
2 45.9 0
2 46 0
2 46.1 0
2 46.2 0
2 46.3 0
2 46.4 0
2 46.5 0
2 46.6 0
2 46.7 0
2 46.8 0
2 46.9 0
2 47 0
2 47.1 0
2 47.2 0
2 47.3 0
2 47.4 0
2 47.5 0
2 47.6 0
2 47.7 0
2 47.8 0
2 47.9 0
2 48 0
2 48.1 0
2 48.2 0
2 48.3 0
2 48.4 0
2 48.5 0
2 48.6 0
2 48.7 0
2 48.8 0
2 48.9 0
2 49 0
2 49.1 0
2 49.2 0
2 49.3 0
2 49.4 0
2 49.5 0
2 49.6 0
2 49.7 0
2 49.8 0
2 49.9 0
2 50 0
2 50.1 0
2 50.2 0
2 50.3 0
2 50.4 0
2 50.5 0
2 50.6 0
2 50.7 0
2 50.8 0
2 50.9 0
2 51 0
2 51.1 0
2 51.2 0
2 51.3 0
2 51.4 0
2 51.5 0
2 51.6 0
2 51.7 0
2 51.8 0
2 51.9 0
2 52 0
2 52.1 0
2 52.2 0
2 52.3 0
2 52.4 0
2 52.5 0
2 52.6 0
2 52.7 0
2 52.8 0
2 52.9 0
2 53 0
2 53.1 0
2 53.2 0
2 53.3 0
2 53.4 0
2 53.5 0
2 53.6 0
2 53.7 0
2 53.8 0
2 53.9 0
2 54 0
2 54.1 0
2 54.2 0
2 54.3 0
2 54.4 0
2 54.5 0
2 54.6 0
2 54.7 0
2 54.8 0
2 54.9 0
2 55 0
2 55.1 0
2 55.2 0
2 55.3 0
2 55.4 0
2 55.5 0
2 55.6 0
2 55.7 0
2 55.8 0
2 55.9 0
2 56 0
2 56.1 0
2 56.2 0
2 56.3 0
2 56.4 0
2 56.5 0
2 56.6 0
2 56.7 0
2 56.8 0
2 56.9 0
2 57 0
2 57.1 0
2 57.2 0
2 57.3 0
2 57.4 0
2 57.5 0
2 57.6 0
2 57.7 0
2 57.8 0
2 57.9 0
2 58 0
2 58.1 0
2 58.2 0
2 58.3 0
2 58.4 0
2 58.5 0
2 58.6 0
2 58.7 0
2 58.8 0
2 58.9 0
2 59 0
2 59.1 0
2 59.2 0
2 59.3 0
2 59.4 0
2 59.5 0
2 59.6 0
2 59.7 0
2 59.8 0
2 59.9 0
