7 7 0
7 7.1 1.2611
7 7.2 1.66414
7 7.3 1.66051
7 7.4 1.66286
7 7.5 1.65816
7 7.6 1.66286
7 7.7 1.65816
7 7.8 1.66286
7 7.9 1.66051
7 8 1.66286
7 8.1 1.66051
7 8.2 1.65816
7 8.3 1.66286
7 8.4 1.66051
7 8.5 1.66286
7 8.6 1.66051
7 8.7 1.66286
7 8.8 1.65816
7 8.9 1.66051
7 9 1.66051
7 9.1 1.66286
7 9.2 1.66286
7 9.3 1.66051
7 9.4 1.66051
7 9.5 1.65816
7 9.6 1.66286
7 9.7 1.66051
7 9.8 1.66286
7 9.9 1.66051
7 10 1.66051
7 10.1 1.65816
7 10.2 1.66286
7 10.3 1.66051
7 10.4 1.66286
7 10.5 1.66286
7 10.6 1.65581
7 10.7 1.66286
7 10.8 1.66051
7 10.9 1.66286
7 11 1.66051
7 11.1 1.66286
7 11.2 1.65816
7 11.3 1.66051
7 11.4 1.66051
7 11.5 1.66286
7 11.6 1.66286
7 11.7 1.66051
7 11.8 1.66051
7 11.9 1.65816
7 12 1.66051
7 12.1 0.558704
7 12.2 0
7 12.3 0
7 12.4 0
7 12.5 0
7 12.6 0
7 12.7 0
7 12.8 0
7 12.9 0
7 13 0
7 13.1 0
7 13.2 0
7 13.3 0
7 13.4 0
7 13.5 0
7 13.6 0
7 13.7 0
7 13.8 0
7 13.9 0
7 14 0
7 14.1 0
7 14.2 0
7 14.3 0
7 14.4 0
7 14.5 0
7 14.6 0
7 14.7 0
7 14.8 0
7 14.9 0
7 15 0
7 15.1 0
7 15.2 0
7 15.3 0
7 15.4 0
7 15.5 0
7 15.6 0
7 15.7 0
7 15.8 0
7 15.9 0
7 16 0
7 16.1 0
7 16.2 0
7 16.3 0
7 16.4 0
7 16.5 0
7 16.6 0
7 16.7 0
7 16.8 0
7 16.9 0
7 17 0
7 17.1 0
7 17.2 0
7 17.3 0
7 17.4 0
7 17.5 0
7 17.6 0
7 17.7 0
7 17.8 0
7 17.9 0
7 18 0
7 18.1 0
7 18.2 0
7 18.3 0
7 18.4 0
7 18.5 0
7 18.6 0
7 18.7 0
7 18.8 0
7 18.9 0
7 19 0
7 19.1 0
7 19.2 0
7 19.3 0
7 19.4 0
7 19.5 0
7 19.6 0
7 19.7 0
7 19.8 0
7 19.9 0
7 20 0
7 20.1 0
7 20.2 0
7 20.3 0
7 20.4 0
7 20.5 0
7 20.6 0
7 20.7 0
7 20.8 0
7 20.9 0
7 21 0
7 21.1 0
7 21.2 0
7 21.3 0
7 21.4 0
7 21.5 0
7 21.6 0
7 21.7 0
7 21.8 0
7 21.9 0
7 22 0
7 22.1 0
7 22.2 0
7 22.3 0
7 22.4 0
7 22.5 0
7 22.6 0
7 22.7 0
7 22.8 0
7 22.9 0
7 23 0
7 23.1 0
7 23.2 0
7 23.3 0
7 23.4 0
7 23.5 0
7 23.6 0
7 23.7 0
7 23.8 0
7 23.9 0
7 24 0
7 24.1 0
7 24.2 0
7 24.3 0
7 24.4 0
7 24.5 0
7 24.6 0
7 24.7 0
7 24.8 0
7 24.9 0
7 25 0
7 25.1 0
7 25.2 0
7 25.3 0
7 25.4 0
7 25.5 0
7 25.6 0
7 25.7 0
7 25.8 0
7 25.9 0
7 26 0
7 26.1 0
7 26.2 0
7 26.3 0
7 26.4 0
7 26.5 0
7 26.6 0
7 26.7 0
7 26.8 0
7 26.9 0
7 27 0
7 27.1 0
7 27.2 0
7 27.3 0
7 27.4 0
7 27.5 0
7 27.6 0
7 27.7 0
7 27.8 0
7 27.9 0
7 28 0
7 28.1 0
7 28.2 0
7 28.3 0
7 28.4 0
7 28.5 0
7 28.6 0
7 28.7 0
7 28.8 0
7 28.9 0
7 29 0
7 29.1 0
7 29.2 0
7 29.3 0
7 29.4 0
7 29.5 0
7 29.6 0
7 29.7 0
7 29.8 0
7 29.9 0
7 30 0
7 30.1 0
7 30.2 0
7 30.3 0
7 30.4 0
7 30.5 0
7 30.6 0
7 30.7 0
7 30.8 0
7 30.9 0
7 31 0
7 31.1 0
7 31.2 0
7 31.3 0
7 31.4 0
7 31.5 0
7 31.6 0
7 31.7 0
7 31.8 0
7 31.9 0
7 32 0
7 32.1 0
7 32.2 0
7 32.3 0
7 32.4 0
7 32.5 0
7 32.6 0
7 32.7 0
7 32.8 0
7 32.9 0
7 33 0
7 33.1 0
7 33.2 0
7 33.3 0
7 33.4 0
7 33.5 0
7 33.6 0
7 33.7 0
7 33.8 0
7 33.9 0
7 34 0
7 34.1 0
7 34.2 0
7 34.3 0
7 34.4 0
7 34.5 0
7 34.6 0
7 34.7 0
7 34.8 0
7 34.9 0
7 35 0
7 35.1 0
7 35.2 0
7 35.3 0
7 35.4 0
7 35.5 0
7 35.6 0
7 35.7 0
7 35.8 0
7 35.9 0
7 36 0
7 36.1 0
7 36.2 0
7 36.3 0
7 36.4 0
7 36.5 0
7 36.6 0
7 36.7 0
7 36.8 0
7 36.9 0
7 37 0
7 37.1 0
7 37.2 0
7 37.3 0
7 37.4 0
7 37.5 0
7 37.6 0
7 37.7 0
7 37.8 0
7 37.9 0
7 38 0
7 38.1 0
7 38.2 0
7 38.3 0
7 38.4 0
7 38.5 0
7 38.6 0
7 38.7 0
7 38.8 0
7 38.9 0
7 39 0
7 39.1 0
7 39.2 0
7 39.3 0
7 39.4 0
7 39.5 0
7 39.6 0
7 39.7 0
7 39.8 0
7 39.9 0
7 40 0
7 40.1 0
7 40.2 0
7 40.3 0
7 40.4 0
7 40.5 0
7 40.6 0
7 40.7 0
7 40.8 0
7 40.9 0
7 41 0
7 41.1 0
7 41.2 0
7 41.3 0
7 41.4 0
7 41.5 0
7 41.6 0
7 41.7 0
7 41.8 0
7 41.9 0
7 42 0
7 42.1 0
7 42.2 0
7 42.3 0
7 42.4 0
7 42.5 0
7 42.6 0
7 42.7 0
7 42.8 0
7 42.9 0
7 43 0
7 43.1 0
7 43.2 0
7 43.3 0
7 43.4 0
7 43.5 0
7 43.6 0
7 43.7 0
7 43.8 0
7 43.9 0
7 44 0
7 44.1 0
7 44.2 0
7 44.3 0
7 44.4 0
7 44.5 0
7 44.6 0
7 44.7 0
7 44.8 0
7 44.9 0
7 45 0
7 45.1 0
7 45.2 0
7 45.3 0
7 45.4 0
7 45.5 0
7 45.6 0
7 45.7 0
7 45.8 0
7 45.9 0
7 46 0
7 46.1 0
7 46.2 0
7 46.3 0
7 46.4 0
7 46.5 0
7 46.6 0
7 46.7 0
7 46.8 0
7 46.9 0
7 47 0
7 47.1 0
7 47.2 0
7 47.3 0
7 47.4 0
7 47.5 0
7 47.6 0
7 47.7 0
7 47.8 0
7 47.9 0
7 48 0
7 48.1 0
7 48.2 0
7 48.3 0
7 48.4 0
7 48.5 0
7 48.6 0
7 48.7 0
7 48.8 0
7 48.9 0
7 49 0
7 49.1 0
7 49.2 0
7 49.3 0
7 49.4 0
7 49.5 0
7 49.6 0
7 49.7 0
7 49.8 0
7 49.9 0
7 50 0
7 50.1 0
7 50.2 0
7 50.3 0
7 50.4 0
7 50.5 0
7 50.6 0
7 50.7 0
7 50.8 0
7 50.9 0
7 51 0
7 51.1 0
7 51.2 0
7 51.3 0
7 51.4 0
7 51.5 0
7 51.6 0
7 51.7 0
7 51.8 0
7 51.9 0
7 52 0
7 52.1 0
7 52.2 0
7 52.3 0
7 52.4 0
7 52.5 0
7 52.6 0
7 52.7 0
7 52.8 0
7 52.9 0
7 53 0
7 53.1 0
7 53.2 0
7 53.3 0
7 53.4 0
7 53.5 0
7 53.6 0
7 53.7 0
7 53.8 0
7 53.9 0
7 54 0
7 54.1 0
7 54.2 0
7 54.3 0
7 54.4 0
7 54.5 0
7 54.6 0
7 54.7 0
7 54.8 0
7 54.9 0
7 55 0
7 55.1 0
7 55.2 0
7 55.3 0
7 55.4 0
7 55.5 0
7 55.6 0
7 55.7 0
7 55.8 0
7 55.9 0
7 56 0
7 56.1 0
7 56.2 0
7 56.3 0
7 56.4 0
7 56.5 0
7 56.6 0
7 56.7 0
7 56.8 0
7 56.9 0
7 57 0
7 57.1 0
7 57.2 0
7 57.3 0
7 57.4 0
7 57.5 0
7 57.6 0
7 57.7 0
7 57.8 0
7 57.9 0
7 58 0
7 58.1 0
7 58.2 0
7 58.3 0
7 58.4 0
7 58.5 0
7 58.6 0
7 58.7 0
7 58.8 0
7 58.9 0
7 59 0
7 59.1 0
7 59.2 0
7 59.3 0
7 59.4 0
7 59.5 0
7 59.6 0
7 59.7 0
7 59.8 0
7 59.9 0
